[param]
beta = 52
cp = 0.52865
omega = 0.0680

beta_upper = 55
cp_upper = 0.58170
omega_upper = 0.07036

beta_lower = 49
cp_lower = 0.46646
omega_lower = 0.07071

; last modified 25.01.2021, 15:16