[param]
beta = 0.38002
cp = 0.48216
omega = 0.08664

