[param]
beta = 52
cp = 0.49021
omega = 0.08274

beta_upper = 55
cp_upper = 0.41973
omega_upper = 0.08893

beta_lower = 49
cp_lower = 0.54692
omega_lower = 0.08357

; last modified 23.01.2021, 17:49