[param]
beta = 52
cp = 0.50308
omega = 0.07526

beta_upper = 55
cp_upper = 0.55340
omega_upper = 0.080668

beta_lower = 49
cp_lower = 0.44343
omega_lower = 0.075404

; last modified 07.04.2021, 17:09