[param]
beta = 0.36659
cp = 0.49021
omega = 0.08274

beta_upper = 0.37810
cp_upper = 0.41973
omega_upper = 0.08893

beta_lower = 0.35971
cp_lower = 0.54692
omega_lower = 0.08357

; last modified 22.01.2021, 11:53